# unix_time, cycles_done, cur_path, paths_total, pending_total, pending_favs, map_size, unique_crashes, unique_hangs, max_depth, execs_per_sec
1732128681, 0, 0, 1, 1, 1, 0.00%, 0, 0, 1, 2000.00
1732128686, 70, 0, 1, 0, 0, 0.00%, 1, 0, 1, 3451.30
1732128691, 147, 0, 1, 0, 0, 0.00%, 1, 0, 1, 3780.34
1732128696, 224, 0, 1, 0, 0, 0.00%, 1, 0, 1, 3801.44
1732128701, 301, 0, 1, 0, 0, 0.00%, 1, 0, 1, 3851.52
1732128706, 378, 0, 1, 0, 0, 0.00%, 1, 0, 1, 3833.85
1732128712, 455, 0, 1, 0, 0, 0.00%, 1, 0, 1, 3847.31
1732128717, 532, 0, 1, 0, 0, 0.00%, 1, 0, 1, 3856.48
1732128722, 608, 0, 1, 0, 0, 0.00%, 1, 0, 1, 3837.05
1732128727, 685, 0, 1, 0, 0, 0.00%, 1, 0, 1, 3797.07
1732128732, 761, 0, 1, 0, 0, 0.00%, 1, 0, 1, 3810.41
1732128737, 836, 0, 1, 0, 0, 0.00%, 1, 0, 1, 3783.45
1732128742, 911, 0, 1, 0, 0, 0.00%, 1, 0, 1, 3756.76
1732128747, 987, 0, 1, 0, 0, 0.00%, 1, 0, 1, 3818.73
1732128752, 1063, 0, 1, 0, 0, 0.00%, 1, 0, 1, 3845.04
1732128757, 1139, 0, 1, 0, 0, 0.00%, 1, 0, 1, 3842.51
1732128762, 1213, 0, 1, 0, 0, 0.00%, 1, 0, 1, 3810.79
1732128768, 1288, 0, 1, 0, 0, 0.00%, 1, 0, 1, 3797.01
1732128773, 1363, 0, 1, 0, 0, 0.00%, 1, 0, 1, 3762.52
1732128778, 1440, 0, 1, 0, 0, 0.00%, 1, 0, 1, 3819.27
1732128783, 1517, 0, 1, 0, 0, 0.00%, 1, 0, 1, 3816.60
1732128788, 1592, 0, 1, 0, 0, 0.00%, 1, 0, 1, 3804.62
1732128793, 1669, 0, 1, 0, 0, 0.00%, 1, 0, 1, 3812.73
1732128798, 1745, 0, 1, 0, 0, 0.00%, 1, 0, 1, 3819.82
1732128803, 1819, 0, 1, 0, 0, 0.00%, 1, 0, 1, 3802.26
1732128808, 1897, 0, 1, 0, 0, 0.00%, 1, 0, 1, 3834.92
1732128814, 1973, 0, 1, 0, 0, 0.00%, 1, 0, 1, 3734.36
1732128819, 2048, 0, 1, 0, 0, 0.00%, 1, 0, 1, 3726.62
1732128824, 2123, 0, 1, 0, 0, 0.00%, 1, 0, 1, 3746.37
1732128829, 2198, 0, 1, 0, 0, 0.00%, 1, 0, 1, 3771.93
1732128834, 2273, 0, 1, 0, 0, 0.00%, 1, 0, 1, 3777.65
1732128839, 2348, 0, 1, 0, 0, 0.00%, 1, 0, 1, 3775.91
1732128844, 2423, 0, 1, 0, 0, 0.00%, 1, 0, 1, 3767.23
1732128849, 2498, 0, 1, 0, 0, 0.00%, 1, 0, 1, 3773.73
1732128855, 2573, 0, 1, 0, 0, 0.00%, 1, 0, 1, 3758.18
1732128860, 2647, 0, 1, 0, 0, 0.00%, 1, 0, 1, 3737.95
1732128865, 2722, 0, 1, 0, 0, 0.00%, 1, 0, 1, 3723.90
1732128870, 2797, 0, 1, 0, 0, 0.00%, 1, 0, 1, 3729.82
1732128875, 2872, 0, 1, 0, 0, 0.00%, 1, 0, 1, 3758.58
1732128880, 2948, 0, 1, 0, 0, 0.00%, 1, 0, 1, 3793.63
1732128885, 3024, 0, 1, 0, 0, 0.00%, 1, 0, 1, 3810.67
1732128890, 3101, 0, 1, 0, 0, 0.00%, 1, 0, 1, 3828.18
1732128896, 3178, 0, 1, 0, 0, 0.00%, 1, 0, 1, 3837.30
1732128901, 3255, 0, 1, 0, 0, 0.00%, 1, 0, 1, 3838.34
1732128906, 3332, 0, 1, 0, 0, 0.00%, 1, 0, 1, 3830.12
1732128911, 3409, 0, 1, 0, 0, 0.00%, 1, 0, 1, 3828.71
1732128916, 3486, 0, 1, 0, 0, 0.00%, 1, 0, 1, 3832.69
1732128921, 3563, 0, 1, 0, 0, 0.00%, 1, 0, 1, 3801.34
1732128926, 3640, 0, 1, 0, 0, 0.00%, 1, 0, 1, 3806.81
1732128932, 3716, 0, 1, 0, 0, 0.00%, 1, 0, 1, 3823.04
1732128937, 3794, 0, 1, 0, 0, 0.00%, 1, 0, 1, 3788.12
1732128942, 3870, 0, 1, 0, 0, 0.00%, 1, 0, 1, 3837.26
1732128947, 3945, 0, 1, 0, 0, 0.00%, 1, 0, 1, 3791.94
1732128952, 4020, 0, 1, 0, 0, 0.00%, 1, 0, 1, 3792.96
1732128957, 4096, 0, 1, 0, 0, 0.00%, 1, 0, 1, 3830.84
1732128962, 4172, 0, 1, 0, 0, 0.00%, 1, 0, 1, 3799.51
1732128967, 4246, 0, 1, 0, 0, 0.00%, 1, 0, 1, 3731.02
1732128972, 4320, 0, 1, 0, 0, 0.00%, 1, 0, 1, 3720.64
1732128978, 4395, 0, 1, 0, 0, 0.00%, 1, 0, 1, 3751.05
1732128983, 4470, 0, 1, 0, 0, 0.00%, 1, 0, 1, 3760.39
1732128988, 4545, 0, 1, 0, 0, 0.00%, 1, 0, 1, 3729.71
1732128993, 4620, 0, 1, 0, 0, 0.00%, 1, 0, 1, 3755.58
1732128998, 4694, 0, 1, 0, 0, 0.00%, 1, 0, 1, 3725.84
1732129003, 4768, 0, 1, 0, 0, 0.00%, 1, 0, 1, 3726.63
1732129008, 4844, 0, 1, 0, 0, 0.00%, 1, 0, 1, 3790.66
1732129013, 4920, 0, 1, 0, 0, 0.00%, 1, 0, 1, 3774.87
1732129019, 4995, 0, 1, 0, 0, 0.00%, 1, 0, 1, 3732.58
1732129024, 5070, 0, 1, 0, 0, 0.00%, 1, 0, 1, 3748.42
1732129029, 5144, 0, 1, 0, 0, 0.00%, 1, 0, 1, 3746.04
1732129034, 5219, 0, 1, 0, 0, 0.00%, 1, 0, 1, 3734.33
1732129039, 5294, 0, 1, 0, 0, 0.00%, 1, 0, 1, 3759.33
1732129044, 5368, 0, 1, 0, 0, 0.00%, 1, 0, 1, 3739.80
1732129049, 5443, 0, 1, 0, 0, 0.00%, 1, 0, 1, 3765.54
1732129054, 5518, 0, 1, 0, 0, 0.00%, 1, 0, 1, 3743.94
1732129059, 5592, 0, 1, 0, 0, 0.00%, 1, 0, 1, 3733.42
1732129064, 5667, 0, 1, 0, 0, 0.00%, 1, 0, 1, 3721.44
1732129070, 5742, 0, 1, 0, 0, 0.00%, 1, 0, 1, 3768.81
1732129075, 5818, 0, 1, 0, 0, 0.00%, 1, 0, 1, 3800.74
1732129080, 5892, 0, 1, 0, 0, 0.00%, 1, 0, 1, 3772.70
1732129085, 5967, 0, 1, 0, 0, 0.00%, 1, 0, 1, 3788.56
1732129090, 6042, 0, 1, 0, 0, 0.00%, 1, 0, 1, 3762.66
1732129095, 6117, 0, 1, 0, 0, 0.00%, 1, 0, 1, 3754.33
1732129100, 6192, 0, 1, 0, 0, 0.00%, 1, 0, 1, 3740.63
1732129105, 6266, 0, 1, 0, 0, 0.00%, 1, 0, 1, 3747.66
1732129110, 6340, 0, 1, 0, 0, 0.00%, 1, 0, 1, 3724.50
1732129116, 6415, 0, 1, 0, 0, 0.00%, 1, 0, 1, 3734.85
1732129121, 6489, 0, 1, 0, 0, 0.00%, 1, 0, 1, 3735.89
1732129126, 6564, 0, 1, 0, 0, 0.00%, 1, 0, 1, 3746.61
1732129131, 6640, 0, 1, 0, 0, 0.00%, 1, 0, 1, 3773.90
1732129136, 6715, 0, 1, 0, 0, 0.00%, 1, 0, 1, 3768.61
1732129141, 6789, 0, 1, 0, 0, 0.00%, 1, 0, 1, 3762.21
1732129146, 6864, 0, 1, 0, 0, 0.00%, 1, 0, 1, 3738.59
1732129151, 6938, 0, 1, 0, 0, 0.00%, 1, 0, 1, 3728.79
1732129156, 7012, 0, 1, 0, 0, 0.00%, 1, 0, 1, 3720.95
1732129161, 7087, 0, 1, 0, 0, 0.00%, 1, 0, 1, 3734.90
1732129167, 7161, 0, 1, 0, 0, 0.00%, 1, 0, 1, 3750.54
1732129172, 7236, 0, 1, 0, 0, 0.00%, 1, 0, 1, 3741.45
1732129177, 7311, 0, 1, 0, 0, 0.00%, 1, 0, 1, 3739.05
1732129182, 7386, 0, 1, 0, 0, 0.00%, 1, 0, 1, 3710.85
1732129187, 7461, 0, 1, 0, 0, 0.00%, 1, 0, 1, 3744.58
1732129192, 7535, 0, 1, 0, 0, 0.00%, 1, 0, 1, 3736.92
1732129197, 7610, 0, 1, 0, 0, 0.00%, 1, 0, 1, 3783.26
1732129202, 7685, 0, 1, 0, 0, 0.00%, 1, 0, 1, 3750.84
1732129207, 7760, 0, 1, 0, 0, 0.00%, 1, 0, 1, 3775.26
1732129213, 7836, 0, 1, 0, 0, 0.00%, 1, 0, 1, 3764.16
1732129218, 7911, 0, 1, 0, 0, 0.00%, 1, 0, 1, 3760.06
1732129223, 7982, 0, 1, 0, 0, 0.00%, 1, 0, 1, 3665.81
1732129228, 8057, 0, 1, 0, 0, 0.00%, 1, 0, 1, 3728.64
1732129233, 8132, 0, 1, 0, 0, 0.00%, 1, 0, 1, 3769.45
1732129238, 8207, 0, 1, 0, 0, 0.00%, 1, 0, 1, 3738.85
1732129243, 8281, 0, 1, 0, 0, 0.00%, 1, 0, 1, 3715.60
1732129248, 8357, 0, 1, 0, 0, 0.00%, 1, 0, 1, 3790.37
1732129254, 8432, 0, 1, 0, 0, 0.00%, 1, 0, 1, 3758.67
1732129259, 8507, 0, 1, 0, 0, 0.00%, 1, 0, 1, 3747.22
1732129264, 8582, 0, 1, 0, 0, 0.00%, 1, 0, 1, 3779.52
1732129269, 8657, 0, 1, 0, 0, 0.00%, 1, 0, 1, 3735.35
1732129274, 8732, 0, 1, 0, 0, 0.00%, 1, 0, 1, 3760.45
1732129279, 8807, 0, 1, 0, 0, 0.00%, 1, 0, 1, 3783.72
1732129284, 8883, 0, 1, 0, 0, 0.00%, 1, 0, 1, 3755.57
1732129289, 8958, 0, 1, 0, 0, 0.00%, 1, 0, 1, 3781.11
1732129294, 9033, 0, 1, 0, 0, 0.00%, 1, 0, 1, 3740.83
1732129300, 9108, 0, 1, 0, 0, 0.00%, 1, 0, 1, 3717.59
1732129305, 9183, 0, 1, 0, 0, 0.00%, 1, 0, 1, 3704.85
1732129310, 9257, 0, 1, 0, 0, 0.00%, 1, 0, 1, 3731.14
1732129315, 9332, 0, 1, 0, 0, 0.00%, 1, 0, 1, 3694.05
1732129320, 9407, 0, 1, 0, 0, 0.00%, 1, 0, 1, 3708.86
1732129325, 9481, 0, 1, 0, 0, 0.00%, 1, 0, 1, 3719.47
1732129330, 9556, 0, 1, 0, 0, 0.00%, 1, 0, 1, 3741.89
1732129336, 9630, 0, 1, 0, 0, 0.00%, 1, 0, 1, 3704.97
1732129341, 9705, 0, 1, 0, 0, 0.00%, 1, 0, 1, 3715.19
1732129346, 9780, 0, 1, 0, 0, 0.00%, 1, 0, 1, 3717.10
1732129351, 9855, 0, 1, 0, 0, 0.00%, 1, 0, 1, 3709.04
1732129356, 9929, 0, 1, 0, 0, 0.00%, 1, 0, 1, 3679.86
1732129361, 10003, 0, 1, 0, 0, 0.00%, 1, 0, 1, 3686.47
1732129367, 10078, 0, 1, 0, 0, 0.00%, 1, 0, 1, 3689.67
1732129372, 10153, 0, 1, 0, 0, 0.00%, 1, 0, 1, 3706.56
1732129377, 10227, 0, 1, 0, 0, 0.00%, 1, 0, 1, 3712.45
1732129382, 10301, 0, 1, 0, 0, 0.00%, 1, 0, 1, 3694.08
1732129387, 10376, 0, 1, 0, 0, 0.00%, 1, 0, 1, 3720.60
1732129392, 10451, 0, 1, 0, 0, 0.00%, 1, 0, 1, 3694.32
1732129398, 10526, 0, 1, 0, 0, 0.00%, 1, 0, 1, 3727.60
1732129403, 10601, 0, 1, 0, 0, 0.00%, 1, 0, 1, 3739.47
1732129408, 10675, 0, 1, 0, 0, 0.00%, 1, 0, 1, 3672.76
1732129413, 10750, 0, 1, 0, 0, 0.00%, 1, 0, 1, 3728.89
1732129418, 10824, 0, 1, 0, 0, 0.00%, 1, 0, 1, 3709.78
1732129423, 10899, 0, 1, 0, 0, 0.00%, 1, 0, 1, 3704.88
1732129428, 10973, 0, 1, 0, 0, 0.00%, 1, 0, 1, 3752.57
1732129433, 11045, 0, 1, 0, 0, 0.00%, 1, 0, 1, 3695.51
1732129439, 11120, 0, 1, 0, 0, 0.00%, 1, 0, 1, 3692.60
1732129444, 11195, 0, 1, 0, 0, 0.00%, 1, 0, 1, 3696.76
1732129449, 11269, 0, 1, 0, 0, 0.00%, 1, 0, 1, 3709.44
1732129454, 11343, 0, 1, 0, 0, 0.00%, 1, 0, 1, 3714.35
1732129459, 11418, 0, 1, 0, 0, 0.00%, 1, 0, 1, 3705.18
1732129464, 11493, 0, 1, 0, 0, 0.00%, 1, 0, 1, 3726.54
1732129469, 11567, 0, 1, 0, 0, 0.00%, 1, 0, 1, 3707.27
1732129475, 11642, 0, 1, 0, 0, 0.00%, 1, 0, 1, 3714.37
1732129480, 11717, 0, 1, 0, 0, 0.00%, 1, 0, 1, 3745.93
1732129485, 11791, 0, 1, 0, 0, 0.00%, 1, 0, 1, 3736.90
1732129490, 11866, 0, 1, 0, 0, 0.00%, 1, 0, 1, 3717.08
1732129495, 11941, 0, 1, 0, 0, 0.00%, 1, 0, 1, 3709.15
1732129500, 12016, 0, 1, 0, 0, 0.00%, 1, 0, 1, 3679.28
1732129505, 12090, 0, 1, 0, 0, 0.00%, 1, 0, 1, 3654.49
1732129511, 12165, 0, 1, 0, 0, 0.00%, 1, 0, 1, 3663.72
1732129516, 12240, 0, 1, 0, 0, 0.00%, 1, 0, 1, 3715.58
1732129521, 12311, 0, 1, 0, 0, 0.00%, 1, 0, 1, 3679.55
1732129526, 12386, 0, 1, 0, 0, 0.00%, 1, 0, 1, 3703.02
1732129531, 12461, 0, 1, 0, 0, 0.00%, 1, 0, 1, 3741.56
1732129536, 12536, 0, 1, 0, 0, 0.00%, 1, 0, 1, 3724.54
1732129541, 12610, 0, 1, 0, 0, 0.00%, 1, 0, 1, 3709.32
1732129546, 12681, 0, 1, 0, 0, 0.00%, 1, 0, 1, 3655.04
1732129551, 12756, 0, 1, 0, 0, 0.00%, 1, 0, 1, 3705.75
1732129557, 12830, 0, 1, 0, 0, 0.00%, 1, 0, 1, 3702.01
1732129562, 12905, 0, 1, 0, 0, 0.00%, 1, 0, 1, 3719.42
1732129567, 12980, 0, 1, 0, 0, 0.00%, 1, 0, 1, 3750.55
1732129572, 13054, 0, 1, 0, 0, 0.00%, 1, 0, 1, 3693.32
1732129577, 13129, 0, 1, 0, 0, 0.00%, 1, 0, 1, 3713.65
1732129582, 13204, 0, 1, 0, 0, 0.00%, 1, 0, 1, 3707.72
1732129588, 13279, 0, 1, 0, 0, 0.00%, 1, 0, 1, 3701.82
1732129593, 13353, 0, 1, 0, 0, 0.00%, 1, 0, 1, 3729.55
1732129598, 13428, 0, 1, 0, 0, 0.00%, 1, 0, 1, 3773.84
1732129603, 13503, 0, 1, 0, 0, 0.00%, 1, 0, 1, 3741.50
1732129608, 13578, 0, 1, 0, 0, 0.00%, 1, 0, 1, 3742.33
1732129613, 13653, 0, 1, 0, 0, 0.00%, 1, 0, 1, 3714.38
1732129618, 13727, 0, 1, 0, 0, 0.00%, 1, 0, 1, 3729.83
1732129624, 13801, 0, 1, 0, 0, 0.00%, 1, 0, 1, 3691.02
1732129629, 13876, 0, 1, 0, 0, 0.00%, 1, 0, 1, 3682.55
1732129634, 13951, 0, 1, 0, 0, 0.00%, 1, 0, 1, 3732.75
1732129639, 14026, 0, 1, 0, 0, 0.00%, 1, 0, 1, 3730.00
1732129644, 14100, 0, 1, 0, 0, 0.00%, 1, 0, 1, 3703.16
1732129649, 14175, 0, 1, 0, 0, 0.00%, 1, 0, 1, 3730.19
1732129654, 14250, 0, 1, 0, 0, 0.00%, 1, 0, 1, 3777.34
1732129660, 14325, 0, 1, 0, 0, 0.00%, 1, 0, 1, 3707.39
1732129665, 14399, 0, 1, 0, 0, 0.00%, 1, 0, 1, 3706.40
1732129670, 14474, 0, 1, 0, 0, 0.00%, 1, 0, 1, 3667.54
1732129675, 14548, 0, 1, 0, 0, 0.00%, 1, 0, 1, 3700.65
1732129680, 14623, 0, 1, 0, 0, 0.00%, 1, 0, 1, 3763.09
1732129685, 14697, 0, 1, 0, 0, 0.00%, 1, 0, 1, 3766.95
1732129690, 14772, 0, 1, 0, 0, 0.00%, 1, 0, 1, 3774.14
1732129695, 14847, 0, 1, 0, 0, 0.00%, 1, 0, 1, 3758.84
1732129700, 14921, 0, 1, 0, 0, 0.00%, 1, 0, 1, 3772.77
1732129705, 14996, 0, 1, 0, 0, 0.00%, 1, 0, 1, 3769.37
1732129710, 15071, 0, 1, 0, 0, 0.00%, 1, 0, 1, 3799.26
1732129716, 15146, 0, 1, 0, 0, 0.00%, 1, 0, 1, 3781.65
1732129721, 15221, 0, 1, 0, 0, 0.00%, 1, 0, 1, 3791.26
1732129726, 15296, 0, 1, 0, 0, 0.00%, 1, 0, 1, 3749.76
1732129731, 15370, 0, 1, 0, 0, 0.00%, 1, 0, 1, 3712.57
1732129736, 15445, 0, 1, 0, 0, 0.00%, 1, 0, 1, 3660.60
1732129741, 15517, 0, 1, 0, 0, 0.00%, 1, 0, 1, 3672.40
1732129746, 15588, 0, 1, 0, 0, 0.00%, 1, 0, 1, 3651.71
1732129751, 15662, 0, 1, 0, 0, 0.00%, 1, 0, 1, 3688.91
1732129756, 15737, 0, 1, 0, 0, 0.00%, 1, 0, 1, 3758.35
1732129762, 15812, 0, 1, 0, 0, 0.00%, 1, 0, 1, 3729.41
1732129767, 15887, 0, 1, 0, 0, 0.00%, 1, 0, 1, 3724.16
1732129772, 15962, 0, 1, 0, 0, 0.00%, 1, 0, 1, 3780.88
1732129777, 16037, 0, 1, 0, 0, 0.00%, 1, 0, 1, 3733.01
1732129782, 16111, 0, 1, 0, 0, 0.00%, 1, 0, 1, 3721.99
1732129787, 16186, 0, 1, 0, 0, 0.00%, 1, 0, 1, 3695.61
1732129792, 16260, 0, 1, 0, 0, 0.00%, 1, 0, 1, 3736.30
1732129797, 16335, 0, 1, 0, 0, 0.00%, 1, 0, 1, 3748.08
1732129802, 16410, 0, 1, 0, 0, 0.00%, 1, 0, 1, 3745.42
1732129808, 16484, 0, 1, 0, 0, 0.00%, 1, 0, 1, 3732.94
1732129813, 16559, 0, 1, 0, 0, 0.00%, 1, 0, 1, 3724.75
1732129818, 16633, 0, 1, 0, 0, 0.00%, 1, 0, 1, 3711.79
1732129823, 16708, 0, 1, 0, 0, 0.00%, 1, 0, 1, 3737.17
1732129828, 16783, 0, 1, 0, 0, 0.00%, 1, 0, 1, 3731.83
1732129833, 16858, 0, 1, 0, 0, 0.00%, 1, 0, 1, 3769.52
1732129838, 16932, 0, 1, 0, 0, 0.00%, 1, 0, 1, 3749.90
1732129843, 17006, 0, 1, 0, 0, 0.00%, 1, 0, 1, 3734.44
1732129848, 17081, 0, 1, 0, 0, 0.00%, 1, 0, 1, 3792.82
1732129854, 17156, 0, 1, 0, 0, 0.00%, 1, 0, 1, 3712.80
1732129859, 17230, 0, 1, 0, 0, 0.00%, 1, 0, 1, 3675.03
1732129864, 17304, 0, 1, 0, 0, 0.00%, 1, 0, 1, 3654.26
1732129869, 17379, 0, 1, 0, 0, 0.00%, 1, 0, 1, 3667.03
1732129874, 17451, 0, 1, 0, 0, 0.00%, 1, 0, 1, 3671.47
1732129879, 17525, 0, 1, 0, 0, 0.00%, 1, 0, 1, 3737.52
1732129884, 17600, 0, 1, 0, 0, 0.00%, 1, 0, 1, 3766.58
1732129889, 17674, 0, 1, 0, 0, 0.00%, 1, 0, 1, 3749.99
1732129895, 17749, 0, 1, 0, 0, 0.00%, 1, 0, 1, 3724.27
1732129900, 17824, 0, 1, 0, 0, 0.00%, 1, 0, 1, 3691.09
1732129905, 17899, 0, 1, 0, 0, 0.00%, 1, 0, 1, 3705.68
1732129910, 17974, 0, 1, 0, 0, 0.00%, 1, 0, 1, 3730.86
1732129915, 18049, 0, 1, 0, 0, 0.00%, 1, 0, 1, 3715.26
1732129920, 18124, 0, 1, 0, 0, 0.00%, 1, 0, 1, 3694.58
1732129925, 18195, 0, 1, 0, 0, 0.00%, 1, 0, 1, 3656.57
1732129930, 18267, 0, 1, 0, 0, 0.00%, 1, 0, 1, 3660.08
1732129935, 18339, 0, 1, 0, 0, 0.00%, 1, 0, 1, 3682.20
1732129940, 18411, 0, 1, 0, 0, 0.00%, 1, 0, 1, 3681.53
1732129946, 18486, 0, 1, 0, 0, 0.00%, 1, 0, 1, 3680.43
1732129951, 18561, 0, 1, 0, 0, 0.00%, 1, 0, 1, 3668.47
1732129956, 18636, 0, 1, 0, 0, 0.00%, 1, 0, 1, 3712.32
1732129961, 18711, 0, 1, 0, 0, 0.00%, 1, 0, 1, 3714.95
1732129966, 18786, 0, 1, 0, 0, 0.00%, 1, 0, 1, 3749.67
1732129971, 18861, 0, 1, 0, 0, 0.00%, 1, 0, 1, 3719.47
1732129977, 18936, 0, 1, 0, 0, 0.00%, 1, 0, 1, 3706.71
1732129982, 19011, 0, 1, 0, 0, 0.00%, 1, 0, 1, 3688.47
1732129987, 19085, 0, 1, 0, 0, 0.00%, 1, 0, 1, 3664.03
1732129992, 19159, 0, 1, 0, 0, 0.00%, 1, 0, 1, 3659.07
1732129997, 19234, 0, 1, 0, 0, 0.00%, 1, 0, 1, 3662.06
1732130003, 19309, 0, 1, 0, 0, 0.00%, 1, 0, 1, 3692.38
1732130008, 19384, 0, 1, 0, 0, 0.00%, 1, 0, 1, 3699.47
1732130013, 19458, 0, 1, 0, 0, 0.00%, 1, 0, 1, 3686.63
1732130018, 19533, 0, 1, 0, 0, 0.00%, 1, 0, 1, 3687.88
1732130023, 19607, 0, 1, 0, 0, 0.00%, 1, 0, 1, 3725.20
1732130028, 19682, 0, 1, 0, 0, 0.00%, 1, 0, 1, 3712.72
1732130033, 19754, 0, 1, 0, 0, 0.00%, 1, 0, 1, 3683.97
1732130039, 19829, 0, 1, 0, 0, 0.00%, 1, 0, 1, 3717.04
1732130044, 19903, 0, 1, 0, 0, 0.00%, 1, 0, 1, 3722.10
1732130049, 19977, 0, 1, 0, 0, 0.00%, 1, 0, 1, 3701.97
1732130054, 20052, 0, 1, 0, 0, 0.00%, 1, 0, 1, 3700.26
1732130059, 20126, 0, 1, 0, 0, 0.00%, 1, 0, 1, 3690.98
1732130064, 20201, 0, 1, 0, 0, 0.00%, 1, 0, 1, 3695.97
1732130069, 20273, 0, 1, 0, 0, 0.00%, 1, 0, 1, 3668.41
1732130074, 20345, 0, 1, 0, 0, 0.00%, 1, 0, 1, 3679.87
1732130080, 20419, 0, 1, 0, 0, 0.00%, 1, 0, 1, 3676.10
1732130085, 20494, 0, 1, 0, 0, 0.00%, 1, 0, 1, 3665.27
1732130090, 20566, 0, 1, 0, 0, 0.00%, 1, 0, 1, 3682.42
1732130095, 20640, 0, 1, 0, 0, 0.00%, 1, 0, 1, 3689.16
1732130100, 20715, 0, 1, 0, 0, 0.00%, 1, 0, 1, 3704.55
1732130105, 20787, 0, 1, 0, 0, 0.00%, 1, 0, 1, 3677.44
1732130110, 20861, 0, 1, 0, 0, 0.00%, 1, 0, 1, 3698.42
1732130115, 20936, 0, 1, 0, 0, 0.00%, 1, 0, 1, 3677.94
1732130121, 21011, 0, 1, 0, 0, 0.00%, 1, 0, 1, 3708.29
1732130126, 21086, 0, 1, 0, 0, 0.00%, 1, 0, 1, 3724.06
1732130131, 21161, 0, 1, 0, 0, 0.00%, 1, 0, 1, 3725.31
1732130136, 21235, 0, 1, 0, 0, 0.00%, 1, 0, 1, 3703.34
1732130141, 21307, 0, 1, 0, 0, 0.00%, 1, 0, 1, 3689.17
1732130146, 21382, 0, 1, 0, 0, 0.00%, 1, 0, 1, 3719.21
1732130151, 21456, 0, 1, 0, 0, 0.00%, 1, 0, 1, 3752.20
1732130156, 21531, 0, 1, 0, 0, 0.00%, 1, 0, 1, 3731.35
1732130162, 21606, 0, 1, 0, 0, 0.00%, 1, 0, 1, 3727.68
1732130167, 21681, 0, 1, 0, 0, 0.00%, 1, 0, 1, 3712.41
1732130172, 21756, 0, 1, 0, 0, 0.00%, 1, 0, 1, 3713.83
1732130177, 21827, 0, 1, 0, 0, 0.00%, 1, 0, 1, 3688.36
1732130182, 21901, 0, 1, 0, 0, 0.00%, 1, 0, 1, 3667.16
1732130187, 21976, 0, 1, 0, 0, 0.00%, 1, 0, 1, 3708.11
1732130192, 22050, 0, 1, 0, 0, 0.00%, 1, 0, 1, 3736.19
1732130197, 22125, 0, 1, 0, 0, 0.00%, 1, 0, 1, 3775.98
1732130203, 22200, 0, 1, 0, 0, 0.00%, 1, 0, 1, 3748.01
1732130208, 22274, 0, 1, 0, 0, 0.00%, 1, 0, 1, 3718.89
1732130213, 22348, 0, 1, 0, 0, 0.00%, 1, 0, 1, 3688.39
1732130218, 22422, 0, 1, 0, 0, 0.00%, 1, 0, 1, 3696.51
1732130223, 22497, 0, 1, 0, 0, 0.00%, 1, 0, 1, 3699.81
1732130228, 22572, 0, 1, 0, 0, 0.00%, 1, 0, 1, 3701.82
1732130234, 22646, 0, 1, 0, 0, 0.00%, 1, 0, 1, 3635.73
1732130239, 22721, 0, 1, 0, 0, 0.00%, 1, 0, 1, 3686.78
1732130244, 22796, 0, 1, 0, 0, 0.00%, 1, 0, 1, 3692.33
1732130249, 22870, 0, 1, 0, 0, 0.00%, 1, 0, 1, 3665.88
1732130254, 22942, 0, 1, 0, 0, 0.00%, 1, 0, 1, 3668.46
1732130259, 23014, 0, 1, 0, 0, 0.00%, 1, 0, 1, 3673.96
1732130264, 23086, 0, 1, 0, 0, 0.00%, 1, 0, 1, 3658.69
1732130269, 23160, 0, 1, 0, 0, 0.00%, 1, 0, 1, 3705.40
1732130274, 23235, 0, 1, 0, 0, 0.00%, 1, 0, 1, 3745.57
1732130280, 23310, 0, 1, 0, 0, 0.00%, 1, 0, 1, 3726.69
1732130285, 23382, 0, 1, 0, 0, 0.00%, 1, 0, 1, 3680.11
1732130290, 23457, 0, 1, 0, 0, 0.00%, 1, 0, 1, 3733.07
1732130295, 23531, 0, 1, 0, 0, 0.00%, 1, 0, 1, 3763.16
1732130300, 23606, 0, 1, 0, 0, 0.00%, 1, 0, 1, 3701.65
1732130305, 23681, 0, 1, 0, 0, 0.00%, 1, 0, 1, 3714.85
1732130310, 23755, 0, 1, 0, 0, 0.00%, 1, 0, 1, 3692.27
1732130316, 23830, 0, 1, 0, 0, 0.00%, 1, 0, 1, 3674.91
1732130321, 23905, 0, 1, 0, 0, 0.00%, 1, 0, 1, 3718.17
1732130326, 23980, 0, 1, 0, 0, 0.00%, 1, 0, 1, 3726.95
1732130331, 24054, 0, 1, 0, 0, 0.00%, 1, 0, 1, 3720.26
1732130336, 24129, 0, 1, 0, 0, 0.00%, 1, 0, 1, 3742.79
1732130341, 24204, 0, 1, 0, 0, 0.00%, 1, 0, 1, 3750.40
1732130346, 24279, 0, 1, 0, 0, 0.00%, 1, 0, 1, 3712.51
1732130352, 24353, 0, 1, 0, 0, 0.00%, 1, 0, 1, 3691.92
1732130357, 24428, 0, 1, 0, 0, 0.00%, 1, 0, 1, 3719.47
1732130362, 24503, 0, 1, 0, 0, 0.00%, 1, 0, 1, 3705.12
1732130367, 24578, 0, 1, 0, 0, 0.00%, 1, 0, 1, 3687.11
1732130372, 24653, 0, 1, 0, 0, 0.00%, 1, 0, 1, 3710.04
1732130377, 24728, 0, 1, 0, 0, 0.00%, 1, 0, 1, 3685.74
1732130383, 24803, 0, 1, 0, 0, 0.00%, 1, 0, 1, 3716.87
1732130388, 24877, 0, 1, 0, 0, 0.00%, 1, 0, 1, 3725.84
1732130393, 24952, 0, 1, 0, 0, 0.00%, 1, 0, 1, 3750.05
1732130398, 25027, 0, 1, 0, 0, 0.00%, 1, 0, 1, 3762.00
1732130403, 25102, 0, 1, 0, 0, 0.00%, 1, 0, 1, 3799.80
1732130408, 25177, 0, 1, 0, 0, 0.00%, 1, 0, 1, 3794.34
1732130413, 25252, 0, 1, 0, 0, 0.00%, 1, 0, 1, 3805.60
1732130418, 25326, 0, 1, 0, 0, 0.00%, 1, 0, 1, 3809.28
1732130423, 25401, 0, 1, 0, 0, 0.00%, 1, 0, 1, 3799.13
1732130428, 25476, 0, 1, 0, 0, 0.00%, 1, 0, 1, 3815.02
1732130433, 25551, 0, 1, 0, 0, 0.00%, 1, 0, 1, 3780.01
1732130438, 25626, 0, 1, 0, 0, 0.00%, 1, 0, 1, 3792.04
1732130443, 25701, 0, 1, 0, 0, 0.00%, 1, 0, 1, 3766.72
1732130449, 25775, 0, 1, 0, 0, 0.00%, 1, 0, 1, 3704.59
1732130454, 25850, 0, 1, 0, 0, 0.00%, 1, 0, 1, 3758.59
1732130459, 25924, 0, 1, 0, 0, 0.00%, 1, 0, 1, 3761.67
1732130464, 25999, 0, 1, 0, 0, 0.00%, 1, 0, 1, 3687.14
1732130469, 26073, 0, 1, 0, 0, 0.00%, 1, 0, 1, 3709.76
1732130474, 26148, 0, 1, 0, 0, 0.00%, 1, 0, 1, 3717.63
1732130479, 26222, 0, 1, 0, 0, 0.00%, 1, 0, 1, 3706.68
1732130484, 26297, 0, 1, 0, 0, 0.00%, 1, 0, 1, 3706.95
1732130489, 26372, 0, 1, 0, 0, 0.00%, 1, 0, 1, 3747.06
1732130495, 26446, 0, 1, 0, 0, 0.00%, 1, 0, 1, 3773.29
1732130500, 26521, 0, 1, 0, 0, 0.00%, 1, 0, 1, 3744.38
1732130505, 26596, 0, 1, 0, 0, 0.00%, 1, 0, 1, 3738.88
1732130510, 26671, 0, 1, 0, 0, 0.00%, 1, 0, 1, 3704.25
1732130515, 26745, 0, 1, 0, 0, 0.00%, 1, 0, 1, 3697.65
1732130520, 26820, 0, 1, 0, 0, 0.00%, 1, 0, 1, 3701.59
1732130526, 26895, 0, 1, 0, 0, 0.00%, 1, 0, 1, 3707.99
1732130531, 26969, 0, 1, 0, 0, 0.00%, 1, 0, 1, 3730.43
1732130536, 27043, 0, 1, 0, 0, 0.00%, 1, 0, 1, 3710.01
1732130541, 27118, 0, 1, 0, 0, 0.00%, 1, 0, 1, 3709.49
1732130546, 27193, 0, 1, 0, 0, 0.00%, 1, 0, 1, 3740.31
1732130551, 27267, 0, 1, 0, 0, 0.00%, 1, 0, 1, 3709.78
1732130556, 27342, 0, 1, 0, 0, 0.00%, 1, 0, 1, 3709.17
1732130562, 27417, 0, 1, 0, 0, 0.00%, 1, 0, 1, 3735.91
1732130567, 27491, 0, 1, 0, 0, 0.00%, 1, 0, 1, 3704.87
1732130572, 27566, 0, 1, 0, 0, 0.00%, 1, 0, 1, 3761.92
1732130577, 27640, 0, 1, 0, 0, 0.00%, 1, 0, 1, 3753.45
1732130582, 27715, 0, 1, 0, 0, 0.00%, 1, 0, 1, 3752.95
1732130587, 27789, 0, 1, 0, 0, 0.00%, 1, 0, 1, 3763.49
1732130592, 27864, 0, 1, 0, 0, 0.00%, 1, 0, 1, 3761.25
1732130597, 27939, 0, 1, 0, 0, 0.00%, 1, 0, 1, 3745.99
1732130602, 28014, 0, 1, 0, 0, 0.00%, 1, 0, 1, 3722.85
1732130608, 28089, 0, 1, 0, 0, 0.00%, 1, 0, 1, 3758.00
1732130613, 28164, 0, 1, 0, 0, 0.00%, 1, 0, 1, 3715.90
1732130618, 28238, 0, 1, 0, 0, 0.00%, 1, 0, 1, 3740.87
1732130623, 28313, 0, 1, 0, 0, 0.00%, 1, 0, 1, 3754.49
1732130628, 28388, 0, 1, 0, 0, 0.00%, 1, 0, 1, 3740.33
1732130633, 28462, 0, 1, 0, 0, 0.00%, 1, 0, 1, 3779.41
1732130638, 28537, 0, 1, 0, 0, 0.00%, 1, 0, 1, 3790.77
1732130643, 28612, 0, 1, 0, 0, 0.00%, 1, 0, 1, 3777.39
1732130648, 28686, 0, 1, 0, 0, 0.00%, 1, 0, 1, 3769.73
1732130653, 28760, 0, 1, 0, 0, 0.00%, 1, 0, 1, 3747.07
1732130658, 28835, 0, 1, 0, 0, 0.00%, 1, 0, 1, 3787.51
1732130663, 28911, 0, 1, 0, 0, 0.00%, 1, 0, 1, 3811.00
1732130668, 28986, 0, 1, 0, 0, 0.00%, 1, 0, 1, 3808.54
1732130674, 29061, 0, 1, 0, 0, 0.00%, 1, 0, 1, 3772.61
1732130679, 29136, 0, 1, 0, 0, 0.00%, 1, 0, 1, 3725.29
1732130684, 29210, 0, 1, 0, 0, 0.00%, 1, 0, 1, 3752.11
1732130689, 29285, 0, 1, 0, 0, 0.00%, 1, 0, 1, 3779.88
1732130694, 29360, 0, 1, 0, 0, 0.00%, 1, 0, 1, 3743.74
1732130699, 29434, 0, 1, 0, 0, 0.00%, 1, 0, 1, 3734.60
1732130704, 29509, 0, 1, 0, 0, 0.00%, 1, 0, 1, 3760.18
1732130709, 29584, 0, 1, 0, 0, 0.00%, 1, 0, 1, 3744.26
1732130714, 29656, 0, 1, 0, 0, 0.00%, 1, 0, 1, 3667.07
1732130720, 29731, 0, 1, 0, 0, 0.00%, 1, 0, 1, 3706.54
1732130725, 29805, 0, 1, 0, 0, 0.00%, 1, 0, 1, 3666.88
1732130730, 29880, 0, 1, 0, 0, 0.00%, 1, 0, 1, 3730.39
1732130735, 29954, 0, 1, 0, 0, 0.00%, 1, 0, 1, 3715.02
1732130740, 30029, 0, 1, 0, 0, 0.00%, 1, 0, 1, 3752.00
1732130745, 30103, 0, 1, 0, 0, 0.00%, 1, 0, 1, 3719.74
1732130750, 30178, 0, 1, 0, 0, 0.00%, 1, 0, 1, 3762.53
1732130755, 30253, 0, 1, 0, 0, 0.00%, 1, 0, 1, 3709.59
1732130761, 30328, 0, 1, 0, 0, 0.00%, 1, 0, 1, 3703.01
1732130766, 30403, 0, 1, 0, 0, 0.00%, 1, 0, 1, 3771.95
1732130771, 30477, 0, 1, 0, 0, 0.00%, 1, 0, 1, 3749.19
1732130776, 30552, 0, 1, 0, 0, 0.00%, 1, 0, 1, 3745.29
1732130781, 30626, 0, 1, 0, 0, 0.00%, 1, 0, 1, 3694.75
1732130786, 30701, 0, 1, 0, 0, 0.00%, 1, 0, 1, 3679.36
1732130791, 30776, 0, 1, 0, 0, 0.00%, 1, 0, 1, 3728.14
1732130797, 30850, 0, 1, 0, 0, 0.00%, 1, 0, 1, 3726.65
1732130802, 30925, 0, 1, 0, 0, 0.00%, 1, 0, 1, 3724.23
1732130807, 31000, 0, 1, 0, 0, 0.00%, 1, 0, 1, 3742.59
1732130812, 31075, 0, 1, 0, 0, 0.00%, 1, 0, 1, 3786.04
1732130817, 31150, 0, 1, 0, 0, 0.00%, 1, 0, 1, 3732.41
1732130822, 31225, 0, 1, 0, 0, 0.00%, 1, 0, 1, 3801.71
1732130827, 31300, 0, 1, 0, 0, 0.00%, 1, 0, 1, 3804.75
1732130832, 31375, 0, 1, 0, 0, 0.00%, 1, 0, 1, 3780.52
1732130837, 31450, 0, 1, 0, 0, 0.00%, 1, 0, 1, 3801.14
1732130842, 31524, 0, 1, 0, 0, 0.00%, 1, 0, 1, 3713.69
1732130848, 31599, 0, 1, 0, 0, 0.00%, 1, 0, 1, 3744.70
1732130853, 31674, 0, 1, 0, 0, 0.00%, 1, 0, 1, 3742.50
1732130858, 31749, 0, 1, 0, 0, 0.00%, 1, 0, 1, 3737.27
1732130863, 31823, 0, 1, 0, 0, 0.00%, 1, 0, 1, 3694.68
1732130868, 31898, 0, 1, 0, 0, 0.00%, 1, 0, 1, 3683.52
1732130873, 31972, 0, 1, 0, 0, 0.00%, 1, 0, 1, 3691.46
1732130879, 32047, 0, 1, 0, 0, 0.00%, 1, 0, 1, 3674.28
1732130884, 32121, 0, 1, 0, 0, 0.00%, 1, 0, 1, 3691.04
1732130889, 32196, 0, 1, 0, 0, 0.00%, 1, 0, 1, 3711.36
1732130894, 32270, 0, 1, 0, 0, 0.00%, 1, 0, 1, 3708.83
1732130899, 32345, 0, 1, 0, 0, 0.00%, 1, 0, 1, 3744.11
1732130904, 32419, 0, 1, 0, 0, 0.00%, 1, 0, 1, 3712.71
1732130909, 32494, 0, 1, 0, 0, 0.00%, 1, 0, 1, 3769.39
1732130914, 32569, 0, 1, 0, 0, 0.00%, 1, 0, 1, 3790.71
1732130919, 32644, 0, 1, 0, 0, 0.00%, 1, 0, 1, 3819.66
1732130925, 32719, 0, 1, 0, 0, 0.00%, 1, 0, 1, 3734.38
1732130930, 32794, 0, 1, 0, 0, 0.00%, 1, 0, 1, 3787.80
1732130935, 32869, 0, 1, 0, 0, 0.00%, 1, 0, 1, 3776.76
1732130940, 32944, 0, 1, 0, 0, 0.00%, 1, 0, 1, 3804.85
1732130945, 33018, 0, 1, 0, 0, 0.00%, 1, 0, 1, 3786.11
1732130950, 33093, 0, 1, 0, 0, 0.00%, 1, 0, 1, 3749.60
1732130955, 33168, 0, 1, 0, 0, 0.00%, 1, 0, 1, 3749.62
1732130960, 33243, 0, 1, 0, 0, 0.00%, 1, 0, 1, 3757.35
1732130965, 33318, 0, 1, 0, 0, 0.00%, 1, 0, 1, 3764.96
1732130970, 33392, 0, 1, 0, 0, 0.00%, 1, 0, 1, 3734.32
1732130975, 33467, 0, 1, 0, 0, 0.00%, 1, 0, 1, 3748.20
1732130980, 33542, 0, 1, 0, 0, 0.00%, 1, 0, 1, 3749.17
1732130986, 33617, 0, 1, 0, 0, 0.00%, 1, 0, 1, 3760.32
1732130991, 33692, 0, 1, 0, 0, 0.00%, 1, 0, 1, 3798.26
1732130996, 33767, 0, 1, 0, 0, 0.00%, 1, 0, 1, 3809.84
1732131001, 33842, 0, 1, 0, 0, 0.00%, 1, 0, 1, 3808.60
1732131006, 33916, 0, 1, 0, 0, 0.00%, 1, 0, 1, 3770.49
1732131011, 33991, 0, 1, 0, 0, 0.00%, 1, 0, 1, 3777.05
1732131016, 34066, 0, 1, 0, 0, 0.00%, 1, 0, 1, 3770.33
1732131021, 34141, 0, 1, 0, 0, 0.00%, 1, 0, 1, 3765.13
1732131026, 34216, 0, 1, 0, 0, 0.00%, 1, 0, 1, 3745.53
1732131031, 34291, 0, 1, 0, 0, 0.00%, 1, 0, 1, 3737.36
1732131036, 34366, 0, 1, 0, 0, 0.00%, 1, 0, 1, 3765.86
1732131042, 34441, 0, 1, 0, 0, 0.00%, 1, 0, 1, 3742.93
1732131047, 34516, 0, 1, 0, 0, 0.00%, 1, 0, 1, 3765.16
1732131052, 34591, 0, 1, 0, 0, 0.00%, 1, 0, 1, 3759.77
1732131057, 34666, 0, 1, 0, 0, 0.00%, 1, 0, 1, 3736.78
1732131062, 34741, 0, 1, 0, 0, 0.00%, 1, 0, 1, 3738.36
1732131067, 34816, 0, 1, 0, 0, 0.00%, 1, 0, 1, 3775.86
1732131072, 34890, 0, 1, 0, 0, 0.00%, 1, 0, 1, 3748.24
1732131077, 34965, 0, 1, 0, 0, 0.00%, 1, 0, 1, 3750.76
1732131082, 35040, 0, 1, 0, 0, 0.00%, 1, 0, 1, 3798.07
1732131087, 35114, 0, 1, 0, 0, 0.00%, 1, 0, 1, 3789.38
1732131092, 35189, 0, 1, 0, 0, 0.00%, 1, 0, 1, 3769.46
1732131098, 35264, 0, 1, 0, 0, 0.00%, 1, 0, 1, 3806.55
1732131103, 35339, 0, 1, 0, 0, 0.00%, 1, 0, 1, 3778.17
1732131108, 35414, 0, 1, 0, 0, 0.00%, 1, 0, 1, 3792.73
1732131113, 35488, 0, 1, 0, 0, 0.00%, 1, 0, 1, 3755.60
1732131118, 35563, 0, 1, 0, 0, 0.00%, 1, 0, 1, 3780.69
1732131123, 35637, 0, 1, 0, 0, 0.00%, 1, 0, 1, 3765.03
1732131128, 35712, 0, 1, 0, 0, 0.00%, 1, 0, 1, 3766.18
1732131133, 35786, 0, 1, 0, 0, 0.00%, 1, 0, 1, 3724.20
1732131138, 35861, 0, 1, 0, 0, 0.00%, 1, 0, 1, 3719.42
1732131143, 35936, 0, 1, 0, 0, 0.00%, 1, 0, 1, 3685.81
1732131149, 36011, 0, 1, 0, 0, 0.00%, 1, 0, 1, 3690.78
1732131154, 36085, 0, 1, 0, 0, 0.00%, 1, 0, 1, 3675.46
1732131159, 36157, 0, 1, 0, 0, 0.00%, 1, 0, 1, 3668.97
1732131164, 36229, 0, 1, 0, 0, 0.00%, 1, 0, 1, 3676.61
1732131169, 36301, 0, 1, 0, 0, 0.00%, 1, 0, 1, 3661.00
1732131174, 36376, 0, 1, 0, 0, 0.00%, 1, 0, 1, 3686.31
1732131179, 36450, 0, 1, 0, 0, 0.00%, 1, 0, 1, 3686.48
1732131184, 36522, 0, 1, 0, 0, 0.00%, 1, 0, 1, 3675.34
1732131189, 36597, 0, 1, 0, 0, 0.00%, 1, 0, 1, 3710.28
1732131194, 36671, 0, 1, 0, 0, 0.00%, 1, 0, 1, 3701.87
1732131200, 36746, 0, 1, 0, 0, 0.00%, 1, 0, 1, 3693.73
1732131205, 36820, 0, 1, 0, 0, 0.00%, 1, 0, 1, 3751.27
1732131210, 36895, 0, 1, 0, 0, 0.00%, 1, 0, 1, 3734.71
1732131215, 36970, 0, 1, 0, 0, 0.00%, 1, 0, 1, 3708.28
1732131220, 37041, 0, 1, 0, 0, 0.00%, 1, 0, 1, 3654.68
1732131225, 37113, 0, 1, 0, 0, 0.00%, 1, 0, 1, 3672.10
1732131230, 37188, 0, 1, 0, 0, 0.00%, 1, 0, 1, 3733.43
1732131235, 37263, 0, 1, 0, 0, 0.00%, 1, 0, 1, 3771.34
1732131240, 37337, 0, 1, 0, 0, 0.00%, 1, 0, 1, 3752.26
1732131246, 37412, 0, 1, 0, 0, 0.00%, 1, 0, 1, 3667.25
1732131251, 37486, 0, 1, 0, 0, 0.00%, 1, 0, 1, 3676.45
1732131256, 37561, 0, 1, 0, 0, 0.00%, 1, 0, 1, 3739.49
1732131261, 37636, 0, 1, 0, 0, 0.00%, 1, 0, 1, 3766.55
1732131266, 37711, 0, 1, 0, 0, 0.00%, 1, 0, 1, 3759.88
1732131271, 37786, 0, 1, 0, 0, 0.00%, 1, 0, 1, 3770.76
1732131276, 37860, 0, 1, 0, 0, 0.00%, 1, 0, 1, 3692.81
1732131281, 37935, 0, 1, 0, 0, 0.00%, 1, 0, 1, 3695.71
1732131287, 38009, 0, 1, 0, 0, 0.00%, 1, 0, 1, 3720.14
1732131292, 38084, 0, 1, 0, 0, 0.00%, 1, 0, 1, 3766.22
1732131297, 38158, 0, 1, 0, 0, 0.00%, 1, 0, 1, 3724.78
1732131302, 38233, 0, 1, 0, 0, 0.00%, 1, 0, 1, 3721.75
1732131307, 38308, 0, 1, 0, 0, 0.00%, 1, 0, 1, 3784.41
1732131312, 38382, 0, 1, 0, 0, 0.00%, 1, 0, 1, 3788.83
1732131317, 38457, 0, 1, 0, 0, 0.00%, 1, 0, 1, 3790.43
1732131322, 38532, 0, 1, 0, 0, 0.00%, 1, 0, 1, 3728.89
1732131327, 38607, 0, 1, 0, 0, 0.00%, 1, 0, 1, 3714.33
1732131333, 38682, 0, 1, 0, 0, 0.00%, 1, 0, 1, 3718.17
1732131338, 38757, 0, 1, 0, 0, 0.00%, 1, 0, 1, 3711.46
1732131343, 38829, 0, 1, 0, 0, 0.00%, 1, 0, 1, 3670.68
1732131348, 38904, 0, 1, 0, 0, 0.00%, 1, 0, 1, 3722.18
1732131353, 38978, 0, 1, 0, 0, 0.00%, 1, 0, 1, 3761.36
1732131358, 39053, 0, 1, 0, 0, 0.00%, 1, 0, 1, 3743.48
1732131363, 39128, 0, 1, 0, 0, 0.00%, 1, 0, 1, 3731.92
1732131368, 39203, 0, 1, 0, 0, 0.00%, 1, 0, 1, 3704.77
1732131374, 39277, 0, 1, 0, 0, 0.00%, 1, 0, 1, 3689.13
1732131379, 39352, 0, 1, 0, 0, 0.00%, 1, 0, 1, 3717.93
1732131384, 39426, 0, 1, 0, 0, 0.00%, 1, 0, 1, 3759.80
1732131389, 39501, 0, 1, 0, 0, 0.00%, 1, 0, 1, 3780.38
1732131394, 39576, 0, 1, 0, 0, 0.00%, 1, 0, 1, 3785.55
1732131399, 39651, 0, 1, 0, 0, 0.00%, 1, 0, 1, 3786.04
1732131404, 39725, 0, 1, 0, 0, 0.00%, 1, 0, 1, 3784.91
1732131409, 39800, 0, 1, 0, 0, 0.00%, 1, 0, 1, 3694.42
1732131414, 39875, 0, 1, 0, 0, 0.00%, 1, 0, 1, 3712.63
1732131420, 39949, 0, 1, 0, 0, 0.00%, 1, 0, 1, 3698.93
1732131425, 40024, 0, 1, 0, 0, 0.00%, 1, 0, 1, 3698.15
1732131430, 40099, 0, 1, 0, 0, 0.00%, 1, 0, 1, 3689.50
1732131435, 40174, 0, 1, 0, 0, 0.00%, 1, 0, 1, 3690.89
1732131440, 40247, 0, 1, 0, 0, 0.00%, 1, 0, 1, 3626.76
1732131445, 40322, 0, 1, 0, 0, 0.00%, 1, 0, 1, 3664.34
1732131450, 40393, 0, 1, 0, 0, 0.00%, 1, 0, 1, 3682.36
1732131456, 40468, 0, 1, 0, 0, 0.00%, 1, 0, 1, 3722.68
1732131461, 40542, 0, 1, 0, 0, 0.00%, 1, 0, 1, 3738.72
1732131466, 40617, 0, 1, 0, 0, 0.00%, 1, 0, 1, 3710.17
1732131471, 40692, 0, 1, 0, 0, 0.00%, 1, 0, 1, 3719.84
1732131476, 40767, 0, 1, 0, 0, 0.00%, 1, 0, 1, 3762.53
1732131481, 40841, 0, 1, 0, 0, 0.00%, 1, 0, 1, 3761.26
1732131486, 40916, 0, 1, 0, 0, 0.00%, 1, 0, 1, 3760.42
1732131491, 40991, 0, 1, 0, 0, 0.00%, 1, 0, 1, 3765.97
1732131496, 41065, 0, 1, 0, 0, 0.00%, 1, 0, 1, 3763.23
1732131501, 41140, 0, 1, 0, 0, 0.00%, 1, 0, 1, 3764.60
1732131507, 41215, 0, 1, 0, 0, 0.00%, 1, 0, 1, 3712.40
1732131512, 41290, 0, 1, 0, 0, 0.00%, 1, 0, 1, 3736.01
1732131517, 41365, 0, 1, 0, 0, 0.00%, 1, 0, 1, 3695.75
1732131522, 41437, 0, 1, 0, 0, 0.00%, 1, 0, 1, 3683.50
1732131527, 41511, 0, 1, 0, 0, 0.00%, 1, 0, 1, 3671.14
1732131532, 41586, 0, 1, 0, 0, 0.00%, 1, 0, 1, 3679.50
1732131538, 41660, 0, 1, 0, 0, 0.00%, 1, 0, 1, 3696.06
1732131543, 41735, 0, 1, 0, 0, 0.00%, 1, 0, 1, 3719.57
1732131548, 41809, 0, 1, 0, 0, 0.00%, 1, 0, 1, 3684.19
1732131553, 41884, 0, 1, 0, 0, 0.00%, 1, 0, 1, 3687.40
1732131558, 41959, 0, 1, 0, 0, 0.00%, 1, 0, 1, 3703.20
1732131563, 42034, 0, 1, 0, 0, 0.00%, 1, 0, 1, 3688.71
1732131569, 42108, 0, 1, 0, 0, 0.00%, 1, 0, 1, 3654.77
1732131574, 42183, 0, 1, 0, 0, 0.00%, 1, 0, 1, 3710.88
1732131579, 42258, 0, 1, 0, 0, 0.00%, 1, 0, 1, 3723.28
1732131584, 42333, 0, 1, 0, 0, 0.00%, 1, 0, 1, 3744.83
1732131589, 42408, 0, 1, 0, 0, 0.00%, 1, 0, 1, 3752.72
1732131594, 42483, 0, 1, 0, 0, 0.00%, 1, 0, 1, 3749.35
1732131599, 42558, 0, 1, 0, 0, 0.00%, 1, 0, 1, 3744.10
1732131605, 42633, 0, 1, 0, 0, 0.00%, 1, 0, 1, 3710.37
1732131610, 42708, 0, 1, 0, 0, 0.00%, 1, 0, 1, 3741.70
