# unix_time, cycles_done, cur_path, paths_total, pending_total, pending_favs, map_size, unique_crashes, unique_hangs, max_depth, execs_per_sec
1733950547, 0, 0, 1, 1, 1, 0.27%, 0, 0, 1, 1600.00
1733950553, 0, 0, 78, 78, 1, 0.53%, 0, 4, 2, 167.14
1733950558, 0, 0, 121, 121, 1, 0.59%, 0, 7, 2, 777.27
1733950564, 0, 0, 131, 131, 1, 0.59%, 0, 12, 2, 76.37
1733950570, 0, 0, 142, 142, 1, 0.59%, 0, 15, 2, 6.84
1733950575, 0, 0, 148, 148, 1, 0.59%, 0, 16, 2, 799.13
1733950580, 0, 0, 161, 161, 1, 0.59%, 0, 17, 2, 687.24
1733950586, 0, 0, 168, 168, 1, 0.59%, 0, 18, 2, 116.79
1733950591, 0, 0, 171, 171, 1, 0.59%, 0, 19, 2, 560.72
1733950596, 0, 0, 175, 175, 1, 0.59%, 0, 20, 2, 682.41
1733950601, 0, 0, 179, 179, 1, 0.59%, 0, 20, 2, 684.31
1733950606, 0, 0, 183, 183, 1, 0.59%, 0, 20, 2, 697.08
1733950611, 0, 0, 186, 186, 1, 0.59%, 0, 20, 2, 688.26
1733950616, 0, 0, 189, 189, 1, 0.59%, 0, 20, 2, 694.16
1733950621, 0, 9, 191, 189, 36, 0.59%, 0, 20, 3, 3157.49
1733950627, 0, 22, 192, 189, 36, 0.59%, 0, 20, 3, 816.00
1733950632, 0, 24, 192, 188, 36, 0.59%, 0, 20, 3, 2516.88
1733950637, 0, 30, 192, 186, 34, 0.59%, 0, 20, 3, 357.49
1733950642, 0, 34, 192, 184, 32, 0.59%, 0, 20, 3, 418.97
1733950647, 0, 40, 193, 184, 31, 0.59%, 0, 20, 3, 1484.06
1733950652, 0, 47, 193, 183, 30, 0.59%, 0, 20, 3, 1148.04
1733950657, 0, 55, 193, 181, 28, 0.59%, 0, 20, 3, 1481.73
1733950662, 0, 57, 193, 180, 27, 0.59%, 0, 20, 3, 1455.00
1733950668, 0, 61, 193, 178, 26, 0.59%, 0, 20, 3, 1661.02
1733950673, 0, 65, 194, 178, 25, 0.59%, 0, 20, 3, 464.78
1733950678, 0, 67, 195, 178, 24, 0.59%, 0, 20, 3, 398.05
1733950683, 0, 69, 195, 176, 22, 0.59%, 0, 20, 3, 1202.03
1733950688, 0, 69, 197, 178, 22, 0.59%, 0, 20, 3, 2173.43
1733950694, 0, 69, 200, 181, 22, 0.59%, 0, 20, 3, 1200.30
1733950699, 0, 69, 202, 183, 22, 0.59%, 0, 20, 3, 993.36
1733950704, 0, 69, 203, 184, 22, 0.59%, 0, 20, 3, 915.31
1733950709, 0, 69, 206, 187, 22, 0.59%, 0, 20, 3, 925.16
1733950714, 0, 69, 207, 188, 22, 0.59%, 0, 20, 3, 895.05
1733950719, 0, 69, 208, 189, 22, 0.59%, 0, 20, 3, 930.88
1733950724, 0, 74, 208, 188, 21, 0.59%, 0, 20, 3, 558.86
1733950730, 0, 77, 208, 186, 19, 0.59%, 0, 20, 3, 713.24
1733950735, 0, 81, 208, 184, 17, 0.59%, 0, 20, 3, 1570.32
1733950740, 0, 91, 208, 182, 15, 0.59%, 0, 20, 3, 1581.96
1733950745, 0, 104, 208, 180, 13, 0.59%, 0, 20, 3, 1903.90
1733950750, 0, 112, 208, 179, 12, 0.59%, 0, 20, 3, 395.91
1733950755, 0, 114, 208, 177, 10, 0.59%, 0, 20, 3, 3017.67
1733950761, 0, 131, 208, 175, 8, 0.59%, 0, 20, 3, 676.03
1733950766, 0, 135, 208, 174, 7, 0.59%, 0, 20, 3, 140.93
1733950771, 0, 135, 210, 176, 7, 0.59%, 0, 20, 3, 361.49
1733950776, 0, 149, 210, 175, 6, 0.59%, 0, 20, 3, 1913.09
1733950781, 0, 170, 210, 173, 4, 0.59%, 0, 20, 3, 1471.81
1733950786, 0, 176, 210, 171, 2, 0.59%, 0, 20, 3, 1416.54
1733950791, 0, 190, 213, 173, 1, 0.59%, 0, 20, 4, 3181.75
1733950797, 0, 190, 216, 176, 1, 0.59%, 0, 20, 4, 578.95
1733950832, 0, 190, 218, 178, 1, 0.59%, 0, 20, 4, 659.40
1733950843, 1, 2, 219, 178, 0, 0.59%, 0, 20, 4, 732.15
1733950848, 1, 5, 219, 177, 0, 0.59%, 0, 20, 4, 2900.89
1733950853, 1, 16, 219, 175, 0, 0.59%, 0, 20, 4, 1889.90
1733950858, 1, 17, 219, 174, 0, 0.59%, 0, 20, 4, 1473.52
1733950863, 1, 23, 219, 172, 0, 0.59%, 0, 20, 4, 1384.28
1733950869, 1, 26, 219, 171, 0, 0.59%, 0, 20, 4, 597.23
1733950874, 1, 33, 219, 169, 0, 0.59%, 0, 20, 4, 2709.80
1733950879, 1, 219, 220, 169, 2, 0.59%, 0, 20, 4, 3019.38
1733950885, 2, 14, 220, 168, 1, 0.59%, 0, 20, 4, 2873.36
1733950890, 2, 21, 221, 168, 0, 0.59%, 0, 20, 4, 576.48
1733950895, 2, 35, 221, 167, 0, 0.59%, 0, 20, 4, 72.13
1733950900, 2, 40, 221, 165, 0, 0.59%, 0, 20, 4, 2211.10
1733950905, 2, 55, 222, 165, 0, 0.59%, 0, 20, 4, 595.91
1733950910, 2, 58, 222, 164, 0, 0.59%, 0, 20, 4, 2988.44
1733950915, 2, 65, 222, 162, 0, 0.59%, 0, 20, 4, 1739.73
1733950921, 2, 71, 222, 161, 0, 0.59%, 0, 20, 4, 1330.20
1733950926, 2, 73, 222, 160, 0, 0.59%, 0, 20, 4, 517.71
1733950931, 2, 84, 222, 159, 0, 0.59%, 0, 20, 4, 2813.13
1733950936, 2, 88, 223, 159, 0, 0.59%, 0, 20, 4, 3268.66
1733950941, 2, 92, 223, 158, 0, 0.59%, 0, 20, 4, 489.69
1733950946, 2, 94, 223, 157, 0, 0.59%, 0, 20, 4, 3003.08
1733950952, 2, 102, 224, 157, 0, 0.59%, 0, 20, 4, 2105.45
1733950957, 2, 106, 224, 156, 0, 0.59%, 0, 20, 4, 3149.03
1733950962, 2, 122, 224, 155, 0, 0.59%, 0, 20, 4, 1490.08
1733950967, 2, 129, 224, 153, 0, 0.59%, 0, 20, 4, 1408.85
1733950972, 2, 147, 225, 154, 0, 0.59%, 0, 20, 4, 2647.77
1733950978, 2, 148, 225, 153, 0, 0.59%, 0, 20, 4, 2547.35
1733950983, 2, 154, 225, 152, 0, 0.59%, 0, 20, 4, 218.61
1733950988, 2, 156, 225, 151, 0, 0.59%, 0, 20, 4, 2625.61
1733950993, 2, 164, 225, 149, 0, 0.59%, 0, 20, 4, 1881.14
1733950998, 2, 165, 225, 148, 0, 0.59%, 0, 20, 4, 3254.98
1733951003, 2, 166, 226, 148, 0, 0.59%, 0, 20, 4, 3138.83
1733951008, 2, 169, 226, 147, 0, 0.59%, 0, 20, 4, 345.03
1733951014, 2, 169, 227, 148, 0, 0.59%, 0, 20, 4, 114.39
1733951019, 2, 169, 229, 150, 0, 0.59%, 0, 20, 4, 227.06
1733951024, 2, 169, 231, 152, 0, 0.59%, 0, 20, 4, 312.44
1733951039, 2, 169, 232, 153, 0, 0.59%, 0, 20, 4, 327.70
1733951049, 2, 169, 234, 155, 0, 0.59%, 0, 20, 4, 331.00
1733951090, 2, 169, 235, 156, 0, 0.59%, 0, 20, 4, 322.17
1733951096, 2, 183, 235, 155, 0, 0.59%, 0, 20, 4, 950.98
1733951111, 2, 184, 235, 154, 0, 0.59%, 0, 20, 4, 2609.90
1733951116, 2, 191, 235, 153, 0, 0.59%, 0, 20, 4, 309.23
1733951121, 2, 195, 236, 153, 0, 0.59%, 0, 20, 4, 2615.52
1733951131, 2, 195, 243, 160, 0, 0.59%, 0, 20, 4, 2116.11
1733951136, 2, 195, 247, 164, 0, 0.59%, 0, 20, 4, 1385.88
1733951142, 2, 195, 251, 168, 0, 0.59%, 0, 20, 4, 1267.57
1733951147, 2, 195, 253, 170, 0, 0.59%, 0, 20, 4, 1192.04
1733951152, 2, 195, 265, 182, 0, 0.60%, 0, 21, 4, 815.72
1733951157, 2, 195, 270, 187, 0, 0.60%, 0, 21, 4, 731.30
1733951162, 2, 195, 273, 190, 0, 0.60%, 0, 21, 4, 782.06
1733951167, 2, 229, 273, 189, 1, 0.60%, 0, 21, 4, 48.95
1733951177, 2, 229, 275, 191, 1, 0.60%, 0, 21, 4, 183.95
1733951203, 2, 258, 275, 190, 1, 0.60%, 0, 21, 4, 1312.02
1733951305, 2, 259, 275, 189, 0, 0.60%, 0, 21, 4, 1865.70
1733951325, 2, 259, 284, 198, 0, 0.60%, 0, 21, 5, 1659.32
1733951331, 2, 259, 287, 201, 0, 0.60%, 0, 21, 5, 1029.10
1733951346, 2, 259, 288, 202, 0, 0.60%, 0, 21, 5, 756.62
1733951351, 2, 259, 290, 204, 0, 0.60%, 0, 21, 5, 768.52
1733951356, 2, 261, 290, 203, 0, 0.60%, 0, 21, 5, 1452.46
1733951377, 2, 261, 291, 204, 0, 0.60%, 0, 21, 5, 583.91
1733951382, 2, 263, 291, 203, 0, 0.60%, 0, 21, 5, 1249.79
1733951418, 2, 271, 291, 202, 0, 0.60%, 0, 21, 5, 1821.01
1733951448, 2, 271, 292, 203, 0, 0.60%, 0, 21, 5, 2138.48
1733951454, 2, 271, 294, 205, 0, 0.60%, 0, 21, 5, 1067.92
1733951469, 2, 271, 295, 206, 0, 0.60%, 0, 21, 5, 725.56
1733951474, 2, 271, 296, 207, 0, 0.60%, 0, 21, 5, 796.99
1733951485, 2, 274, 296, 206, 0, 0.60%, 0, 21, 5, 2016.62
1733951510, 2, 274, 297, 207, 0, 0.60%, 0, 21, 5, 1292.25
1733951515, 2, 274, 298, 208, 0, 0.60%, 0, 21, 5, 917.92
1733951526, 2, 287, 298, 207, 0, 0.60%, 0, 21, 5, 832.00
1733951618, 2, 288, 298, 206, 0, 0.60%, 0, 21, 5, 1354.72
1733951623, 2, 288, 299, 207, 0, 0.60%, 0, 21, 6, 380.71
1733951628, 2, 288, 300, 208, 0, 0.60%, 0, 21, 6, 498.36
1733951633, 2, 288, 301, 209, 0, 0.60%, 0, 21, 6, 539.85
1733951643, 2, 288, 302, 210, 0, 0.60%, 0, 21, 6, 492.52
1733951648, 2, 288, 304, 212, 0, 0.60%, 0, 21, 6, 503.81
1733951658, 2, 290, 304, 211, 0, 0.60%, 0, 21, 6, 1436.58
1733951694, 2, 291, 304, 210, 0, 0.60%, 0, 21, 6, 1601.73
1733951771, 2, 291, 305, 211, 0, 0.60%, 0, 21, 6, 553.47
1733951776, 2, 294, 305, 210, 0, 0.60%, 0, 21, 6, 820.05
1733951879, 2, 299, 305, 209, 0, 0.60%, 0, 21, 6, 617.66
1733952119, 3, 6, 307, 210, 0, 0.60%, 0, 21, 6, 627.71
1733952124, 3, 6, 308, 211, 0, 0.60%, 0, 21, 6, 611.04
1733952134, 3, 6, 309, 212, 0, 0.60%, 0, 21, 6, 564.83
1733952145, 3, 11, 309, 211, 0, 0.60%, 0, 21, 6, 3160.00
1733952150, 3, 12, 309, 210, 0, 0.60%, 0, 21, 6, 596.34
1733952155, 3, 17, 309, 208, 0, 0.60%, 0, 21, 6, 539.30
1733952160, 3, 30, 309, 207, 0, 0.60%, 0, 21, 6, 1963.83
1733952165, 3, 38, 309, 207, 0, 0.60%, 0, 21, 6, 296.28
1733952170, 3, 46, 309, 206, 0, 0.60%, 0, 21, 6, 392.53
1733952175, 3, 53, 309, 204, 0, 0.60%, 0, 21, 6, 2042.38
1733952180, 3, 63, 309, 203, 0, 0.60%, 0, 21, 6, 232.97
1733952186, 3, 70, 309, 202, 0, 0.60%, 0, 21, 6, 3173.40
1733952191, 3, 82, 309, 201, 0, 0.60%, 0, 21, 6, 3320.00
1733952196, 3, 87, 309, 200, 0, 0.60%, 0, 21, 6, 507.58
1733952201, 3, 96, 309, 199, 0, 0.60%, 0, 21, 6, 1157.43
1733952211, 3, 97, 309, 198, 0, 0.60%, 0, 21, 6, 615.21
1733952216, 3, 104, 309, 196, 0, 0.60%, 0, 21, 6, 1230.55
1733952221, 3, 108, 309, 196, 0, 0.60%, 0, 21, 6, 1620.00
1733952237, 3, 110, 309, 194, 0, 0.60%, 0, 21, 6, 718.60
1733952242, 3, 117, 309, 193, 0, 0.60%, 0, 21, 6, 1390.00
1733952247, 3, 118, 309, 192, 0, 0.60%, 0, 21, 6, 1653.45
1733952252, 3, 130, 309, 191, 0, 0.60%, 0, 21, 6, 974.18
1733952257, 3, 139, 309, 190, 0, 0.60%, 0, 21, 6, 2422.32
1733952262, 3, 141, 309, 189, 0, 0.60%, 0, 21, 6, 2672.00
1733952273, 3, 143, 309, 188, 0, 0.60%, 0, 21, 6, 3224.52
1733952278, 3, 146, 309, 187, 0, 0.60%, 0, 21, 6, 2584.49
1733952283, 3, 161, 309, 186, 0, 0.60%, 0, 21, 6, 1872.96
1733952288, 3, 168, 309, 185, 0, 0.60%, 0, 21, 6, 2624.72
1733952294, 3, 175, 309, 184, 0, 0.60%, 0, 21, 6, 3211.81
1733952299, 3, 178, 309, 183, 0, 0.60%, 0, 21, 6, 49.43
1733952309, 3, 178, 310, 184, 0, 0.60%, 0, 21, 6, 481.17
1733952314, 3, 178, 311, 185, 0, 0.60%, 0, 21, 6, 274.04
1733952329, 3, 179, 311, 184, 0, 0.60%, 0, 21, 6, 509.22
1733952335, 3, 182, 311, 183, 0, 0.60%, 0, 21, 6, 3316.97
1733952340, 3, 185, 311, 182, 0, 0.60%, 0, 21, 6, 1738.71
1733952345, 3, 185, 315, 186, 0, 0.60%, 0, 21, 6, 1136.74
1733952350, 3, 185, 316, 187, 0, 0.60%, 0, 21, 6, 771.88
1733952360, 3, 185, 317, 188, 0, 0.60%, 0, 21, 6, 761.28
1733952365, 3, 185, 318, 189, 0, 0.60%, 0, 21, 6, 725.43
1733952386, 3, 193, 318, 188, 0, 0.60%, 0, 21, 6, 1110.08
1733952391, 3, 197, 318, 187, 0, 0.60%, 0, 21, 6, 1783.56
1733952396, 3, 198, 318, 186, 0, 0.60%, 0, 21, 6, 2318.76
1733952401, 3, 204, 318, 185, 0, 0.60%, 0, 21, 6, 2956.42
1733952412, 3, 205, 318, 184, 0, 0.60%, 0, 21, 6, 1518.30
1733952427, 3, 214, 318, 183, 0, 0.60%, 0, 21, 6, 87.49
1733952432, 3, 224, 318, 182, 0, 0.60%, 0, 21, 6, 49.44
1733952448, 3, 228, 318, 181, 0, 0.60%, 0, 21, 6, 49.61
1733952463, 3, 239, 318, 180, 0, 0.60%, 0, 21, 6, 2697.66
1733952478, 3, 241, 318, 179, 0, 0.60%, 0, 21, 6, 2100.12
1733952494, 3, 246, 318, 178, 0, 0.60%, 0, 21, 6, 1755.97
1733952509, 3, 249, 318, 177, 0, 0.60%, 0, 21, 6, 1369.15
1733952524, 3, 251, 318, 176, 0, 0.60%, 0, 21, 6, 1784.17
1733952540, 3, 252, 318, 175, 0, 0.60%, 0, 21, 6, 1850.61
1733952555, 3, 253, 318, 174, 0, 0.60%, 0, 21, 6, 1370.09
1733952575, 3, 255, 318, 173, 0, 0.60%, 0, 21, 6, 1280.89
1733952606, 3, 256, 318, 172, 0, 0.60%, 0, 21, 6, 1373.21
1733952683, 3, 267, 318, 171, 0, 0.60%, 0, 21, 6, 1448.19
